0	34,31
1	30,72,103,60,50,51
2	74,30,34,101,61,50,66
3	27,83,19,74,103,72,101,102,71,78
4	34,103,72,102,61,44,104,48
5	31
6	103,74,102,72,90,34
7	27,0,34,5,74,81,102,90,61,103,89,101,169
8	0,8,10,19,74,30,34,72,27,101,48,117
9	34,5,8,19,74,30,72,101,81,44,88,48,117
10	34,81,71
11	104,48
12	30,66
13	102,90,61,74,59,128,77,53,81,30,34,40,72
14	74,103,102,72
15	27,34,83,19,74,81,48,103,102,72
16	30,34,72,81,48,102,103,61
17	8,185,5,18,27,31
18	102,90,61,74,77,81,103,34,40,72,66,71
19	103,102,61,34,72,44,90,30,51,27
20	34,31,81,104,61
21	74,103,30,81,72,61,104
22	74,102,104,51,34,72,61,90,48,44,27,31,24,45
23	74,34,103,72,102,81,48,117
24	31,55
25	101,102,51,90,43,27
26	30,81,39,71
27	30,51
28	74,90,34,51,55
29	
30	30,46
31	28,31,104,51,43,72
32	74,34,103,72,27,0
33	33,81,51
34	34,74,102,59,40,127,31,35,27
35	34,102,93,81,107
36	28,33,74,103,31,102,104,50,55,61,90,65
37	103,30,90,66
38	34,28,74,72,101,102,65,43,81,51,50
39	103,102,46,34,48,104,44
40	34,31,102,72,90,104,55,51,44
41	102,27,30,34,65,61,81,103,72,48,43,79,101,127
42	74,30,34,72,81,51,102,103,61,101,48,68,90,66,104
43	102,30,65,72,43,90,66,104,55,44,27
44	34,104,44,43,93,40,30,31,27
45	34,61,102,103,72,81,104
46	0,34,83,19,30,74,72,81,48,103,90,61
47	27,34,30,74,72,81,51,102,65,61,103,90
48	28,104,48
49	31,103,102,101,81,44,72,43,48,68,61
50	72,81,50,90
51	31,81,51
52	30,81,48,61,51,104,72,90
53	34,18,22,30,31,81,102,104,72,90
54	30,74,31,103,102,51,61,72,104,90,93,77,73
55	81,34,90,55,65
56	8,185,1,5
57	74,34,103,31,72,90,81
58	30,34,31,74,103,51,61,101,72,104
59	74,34,31,81,72,104
60	30,34,72,81,61,66,65,77,27,83
61	30,104,61
62	27,19,103,102,30,81,44,88,72,61,40
63	90,34,48,81,102,61,93,78,65,59,53,27,83
64	27,34,83,19,74,81,48,102,90,61
65	72,81,48,51,71,78,66
66	34,103,81,61,43,104,96
67	0,34,19,30,74,72,101,61,103,71,78,102,90
68	34,38,101,104,77
69	30,72,90
70	30,34,31,74,103,72,90,61,77,81,101,45,48,60
71	103,74,31,102,81,61,90,48,65
72	31,61,72,68
73	34,31
74	74,30,34
75	34,38,103,31,101,48,102,68,30
76	27,33,103,31,81,104
77	74,30,81,72,90,101,61,77,68
78	30,103,102,96
79	30,103,102,61,31,48,104,66,40
80	74,34,102,103,88,61,30
81	81,61,55,51
82	34,83,19,30,31,74,102,90,101,46,43,48,68,61,72,66,81,40
83	102,90,65,71,78
84	8,185,1,10,19,74,34,102,103
85	74,34,102,103,81,51,72,30,71,48,27
86	34,30,74,72,81,61,103,90,66,68,101
87	74,34,103,81,102,61,90
88	103,72,102,61,90,68,60
89	74,31,51,90,107
90	102,48,44,88,90
91	103,102,30,61,81,88,72,90,104,40
92	5,8,19,74,103,102,30,104,72,90,61
93	81
94	74,34,81,103,61,72,102,104
95	74,34,31,101
96	34,31,72,96
97	31
98	27,30,34,61,101,72,81,51
99	30,103,74,34,102,104,81,48,72
100	34,33,31,74,81,72,68,90
101	101,102,51
102	74,34,102
103	34,103,72
104	31,104,61,90,48
105	74,103,102,30,61,90,81,72,48,104,66,93,50,59
106	74,103,102,30,93,51,81,72,48
107	30,48
108	30,31,74,72,90,81,104
109	81,34,72,104
110	30,102,61,81,96,40
111	30,103,102,61,51,72,90,81,45,49
112	74,103,102,30,72,81,90,61,40,27
113	103,74,102,34,81,48,61,90,72,68,78,66,104
114	74,61,72,81,34,103,102
115	74,102,103,72,61,81,34,40
116	34
117	30
118	74,104,72,102,103,81,44,88,71,78,128,77,53
119	31,104
120	72,81,61,101,34
121	44,27,34,74
122	30,107,81,31
123	74,30,48
124	103,81,101,34,48,104,78,65,107
125	72,81,102,34,61
126	27,34,83,19,74,30,103,72,81,61,102,104
127	30,103,74,34,61,81,101,93,65,71
128	74,30,34,103,81,102,72,88,90,61
129	8,185,1,5
130	30,34,31,74,103,81,102,72,90,61,71,78
131	103,102,61,51
132	74,34,103,48,102,90,101,61,68,44,40,78,79,127,51,27,117
133	27,34,18,22,74,81,102,103,61,51,72,90,71
135	30,34,74,81,102,103,61,53,54,90
136	31,25,27,74,34,103,61,90,72,81,102,104,66,65,77,53,68,79,88
137	74,103,102,30,81,61,51,72,48,90,93,96
138	0,34,5,30,74,72,103,81
139	34,33,74,103,31,81,102,72,61,90,104
140	30,103,102,48,90,61,96,66
141	74,30,31,61,81,50,96,68,40
142	27,34,83,19,74,30,103,102,72,104,90,93,55,51
143	30,34,74,72,103,102,104,61,90,81,51,107,88,154,101,48,117
144	8,185,1,5,30,31,138
145	103,102,61,90,68,65
146	27,34,83,22,74,61,102,51,90,72,81
147	34,83,19,30,31,74,103,102
148	34,30,31,72,90,61
149	30,74,31,102,61,72
150	8,185,1,5,30,34,31,74,102,103,104,51,96
151	8,185,1,5,72,74,71,78,34,81
152	8,185,1,5,102,27,30,34
153	31,74,103,102,81,48,90,61,66
154	72,61,90
155	18,104,61,81,90,101,117
156	27,34,30,74,72,103,102,90,61,81,117,31,101,48
157	185,1,5,27,34
158	0,18,30,74,31,103,102,72,48,81,117,101
159	18,22,30,74,72,103,61,104,90,101
160	8,185,1,5,18,27,31
161	27,34,30,43,81,38,102,103,61,88,72,68
162	0,5,30,31,74,103,102
163	34,30,74,31,101,103,72,81,102,44,117,48
164	25,27,30,74,34,72,101,61,81
165	65,90
166	72,34,103,65,61,102,81,154
167	51,101,61,90,48,68,104,27,154
168	27,30,74,72,103,102,81,61,117,68,79
169	101,104,48,77
170	8,185,1,5
171	8,185,1,5,74,34,103,31,102,72
172	30,102,81,61,72,90
173	8,185,1,5,34,40,72,74
174	8,185,1,5,103,74,102,72
175	103,72,102,101,61
176	27,34,83,19,30,74,72,81,89,101,169
177	8,1,5,31,74,101,30,122
178	33,74,103,31,102,81,61,27
179	8,185,1,5
180	30,34,28,31,101,74,103,102,104,61,90,81,72,65
181	8,185,1,5,74,81,34,48,30
182	8,185,1,5,74,103,102,30
183	74,103,31,61,60,51,81,104,72,90
184	8,1,5,103,72,74,81,32
185	31,102,72,104,65,83
186	34,19,30,31,74,103,102,61
187	30,103,74,31,101,102,81,72,48,104,90,61,59,128,53,44
188	34,31,101,81,90,104,61
189	185,1,5,27,34,103,74,81,102
190	27,34,74,103,31,101,48,117
191	27,83,22,74,103,102,30,72,90,61,81,104,43,48,68
192	74,103,72,102,81,51,101
193	103,72,101,102,81,51,48,117
194	30,34,31,74,102,103,104,72,48,51,61,81,154,89,83
195	103,72,65,61,90,48,51
196	8,185,1,5
197	30,34,28,31,74,101,103,61,72,90,81,51,104,40,48,117
198	74,90,34,93,55,51,107
199	27,34,83,19,102,74,103,31,61,101,65,81,72
