0	4
0	5
0	7
0	8
0	9
0	10
0	11
0	12
0	13
0	14
0	15
0	16
0	17
0	18
0	19
0	20
0	21
0	22
0	23
0	24
0	25
0	26
0	27
0	28
0	29
0	30
0	31
0	32
0	33
0	34
4	1
4	10
4	12
4	18
4	19
4	25
4	27
4	28
4	30
4	31
4	32
4	33
4	38
4	40
4	50
4	51
4	64
4	73
4	74
4	81
4	83
4	88
4	96
4	100
4	101
4	107
4	108
4	117
4	118
4	135
5	0
5	1
5	2
5	4
5	8
5	12
5	21
5	24
5	26
5	27
5	28
5	29
5	30
5	34
5	35
5	48
5	50
5	51
5	55
5	61
5	66
5	68
5	69
5	72
5	73
5	74
5	76
5	77
5	87
5	89
7	8
7	40
7	77
7	168
7	365
8	0
8	5
8	31
8	138
8	155
8	158
8	222
8	318
9	0
9	10
9	31
9	33
9	64
9	135
9	155
9	159
10	1
10	2
10	4
10	7
10	9
10	11
10	12
10	18
10	24
10	27
10	29
10	30
10	31
10	35
10	38
10	43
10	44
10	48
10	50
10	51
10	61
10	65
10	66
10	69
10	72
10	73
10	74
10	78
10	83
10	88
11	0
11	1
11	2
11	4
11	5
11	6
11	10
11	12
11	16
11	18
11	21
11	24
11	25
11	26
11	27
11	29
11	30
11	31
11	33
11	34
11	35
11	36
11	40
11	43
11	44
11	46
11	47
11	50
11	51
11	53
12	0
12	2
12	4
12	5
12	10
12	11
12	14
12	20
12	24
12	26
12	27
12	28
12	29
12	30
12	31
12	33
12	34
12	35
12	37
12	38
12	40
12	43
12	48
12	49
12	50
12	51
12	53
12	55
12	59
12	61
13	118
13	130
13	135
13	136
13	301
14	96
14	398
15	0
15	18
15	49
15	61
15	79
15	349
15	375
15	395
15	426
15	443
16	1
16	12
16	18
16	27
16	31
16	32
16	46
16	49
16	50
16	74
16	101
16	104
16	143
16	233
16	241
16	257
16	332
16	333
16	385
16	396
16	401
16	413
16	427
16	432
16	440
16	445
17	0
17	1
17	446
18	59
18	118
18	128
18	136
18	137
18	420
19	20
19	22
19	27
19	30
19	31
19	34
19	37
19	48
19	49
19	53
19	54
19	58
19	64
19	69
19	71
19	74
19	76
19	77
19	78
19	79
19	81
19	88
19	89
19	104
19	107
19	108
19	127
19	128
19	135
19	141
20	1
20	12
20	18
20	19
20	28
20	30
20	37
20	54
20	58
20	60
20	66
20	71
20	72
20	73
20	74
20	90
20	96
20	101
20	102
20	103
20	104
20	136
20	223
20	233
20	364
20	386
20	398
20	401
20	418
20	426
21	0
21	18
21	27
21	34
21	40
21	78
21	90
21	102
21	107
21	118
21	135
21	136
21	140
21	301
21	320
21	329
21	333
21	353
21	381
21	415
21	431
21	432
21	438
21	443
22	0
22	9
22	19
22	21
22	25
22	27
22	29
22	31
22	33
22	34
22	35
22	38
22	41
22	43
22	47
22	54
22	60
22	65
22	68
22	75
22	79
22	81
22	86
22	89
22	100
22	101
22	103
22	117
22	127
22	143
23	7
23	11
23	30
23	31
23	33
23	101
23	135
23	155
23	165
23	320
23	345
23	365
23	371
23	403
24	0
24	1
24	2
24	4
24	5
24	12
24	27
24	28
24	29
24	30
24	34
24	37
24	48
24	50
24	51
24	61
24	68
24	69
24	72
24	73
24	74
24	83
24	89
24	90
24	93
24	96
24	97
24	100
24	101
24	102
25	0
25	1
25	2
25	4
25	10
25	11
25	12
25	15
25	16
25	18
25	19
25	21
25	22
25	24
25	26
25	27
25	29
25	30
25	31
25	33
25	34
25	35
25	38
25	39
25	40
25	41
25	42
25	44
25	45
25	46
26	0
26	2
26	4
26	5
26	6
26	10
26	11
26	12
26	18
26	24
26	25
26	27
26	29
26	30
26	31
26	32
26	33
26	34
26	35
26	37
26	38
26	40
26	42
26	43
26	46
26	48
26	50
26	51
26	55
26	57
27	0
27	1
27	5
27	6
27	8
27	10
27	11
27	12
27	14
27	18
27	19
27	21
27	22
27	24
27	25
27	26
27	28
27	29
27	30
27	31
27	33
27	34
27	35
27	37
27	39
27	40
27	43
27	44
27	45
27	46
28	12
28	20
28	24
28	27
28	29
28	30
28	40
28	51
28	53
28	59
28	61
28	69
28	72
28	73
28	76
28	77
28	78
28	81
28	85
28	93
28	96
28	97
28	100
28	102
28	103
28	104
28	107
28	110
28	111
28	116
29	0
29	1
29	3
29	5
29	10
29	11
29	12
29	22
29	24
29	25
29	26
29	27
29	28
29	30
29	31
29	33
29	34
29	35
29	38
29	43
29	48
29	50
29	51
29	53
29	61
29	65
29	69
29	71
29	72
29	73
30	0
30	1
30	2
30	3
30	4
30	5
30	10
30	12
30	19
30	20
30	24
30	25
30	26
30	27
30	28
30	29
30	31
30	32
30	33
30	34
30	35
30	36
30	37
30	38
30	40
30	43
30	48
30	49
30	50
30	51
31	0
31	1
31	2
31	3
31	4
31	8
31	9
31	10
31	11
31	12
31	16
31	18
31	19
31	22
31	23
31	24
31	25
31	26
31	27
31	29
31	30
31	32
31	33
31	34
31	35
31	37
31	38
31	39
31	42
31	44
32	5
32	30
32	31
32	138
32	193
32	295
32	395
32	408
33	0
33	1
33	2
33	4
33	10
33	11
33	12
33	15
33	18
33	22
33	23
33	24
33	25
33	26
33	27
33	28
33	29
33	30
33	31
33	34
33	35
33	38
33	39
33	40
33	43
33	46
33	57
33	61
33	65
33	66
34	0
34	1
34	5
34	11
34	12
34	19
34	21
34	24
34	27
34	29
34	30
34	31
34	32
34	33
34	37
34	39
34	43
34	44
34	45
34	48
34	49
34	50
34	51
34	52
34	54
34	55
34	60
34	61
34	63
34	65
35	2
35	3
35	5
35	10
35	21
35	22
35	24
35	26
35	29
35	30
35	31
35	36
35	51
35	61
35	65
35	72
35	74
35	76
35	83
35	85
35	90
35	96
35	97
35	98
35	103
35	104
35	108
35	110
35	119
35	120
36	0
36	4
36	11
36	12
36	18
36	26
36	30
36	34
36	35
36	43
36	52
36	60
36	72
36	73
36	81
36	85
36	93
36	108
36	117
36	119
36	120
36	122
36	124
36	127
36	135
36	143
36	223
36	245
36	287
36	344
37	0
37	12
37	19
37	20
37	24
37	26
37	30
37	31
37	34
37	38
37	39
37	40
37	43
37	48
37	51
37	55
37	58
37	61
37	65
37	68
37	72
37	73
37	74
37	79
37	81
37	83
37	89
37	102
37	104
37	105
38	0
38	4
38	10
38	12
38	22
38	25
38	26
38	29
38	30
38	31
38	33
38	37
38	42
38	44
38	47
38	54
38	55
38	58
38	61
38	73
38	83
38	87
38	97
38	100
38	103
38	104
38	167
38	192
38	193
38	234
39	0
39	1
39	6
39	18
39	27
39	31
39	34
39	37
39	46
39	51
39	57
39	61
39	66
39	67
39	68
39	69
39	72
39	74
39	77
39	78
39	79
39	81
39	83
39	88
39	90
39	98
39	101
39	105
39	107
39	111
40	1
40	12
40	19
40	21
40	27
40	28
40	30
40	37
40	48
40	53
40	54
40	60
40	61
40	68
40	74
40	77
40	80
40	81
40	83
40	103
40	107
40	116
40	123
40	128
40	133
40	135
40	140
40	169
40	187
40	225
41	0
41	22
41	24
41	25
41	42
41	53
41	68
41	74
41	75
41	161
41	167
41	195
41	228
41	324
41	345
41	355
41	377
41	413
41	443
41	488
42	0
42	25
42	26
42	31
42	38
42	41
42	43
42	45
42	47
42	75
42	79
42	105
42	107
42	123
42	166
42	195
42	249
42	283
42	327
42	331
42	332
42	339
42	346
42	413
42	432
42	487
42	492
43	0
43	1
43	10
43	12
43	22
43	26
43	27
43	29
43	30
43	33
43	34
43	37
43	42
43	48
43	50
43	51
43	53
43	61
43	68
43	74
43	75
43	78
43	79
43	81
43	83
43	87
43	88
43	94
43	96
43	100
44	0
44	13
44	17
44	18
44	19
44	27
44	28
44	29
44	31
44	33
44	34
44	38
44	39
44	40
44	45
44	48
44	49
44	53
44	54
44	58
44	59
44	60
44	61
44	64
44	66
44	67
44	68
44	71
44	72
44	74
45	0
45	25
45	26
45	27
45	33
45	34
45	42
45	44
45	48
45	65
45	66
45	71
45	73
45	74
45	83
45	86
45	88
45	90
45	97
45	101
45	105
45	107
45	117
45	119
45	123
45	126
45	165
45	195
45	212
45	223
46	0
46	1
46	18
46	27
46	31
46	49
46	65
46	138
46	210
46	222
46	319
46	333
46	374
46	376
46	401
46	411
46	421
46	442
47	0
47	11
47	22
47	31
47	38
47	42
47	50
47	66
47	167
47	203
47	241
47	289
47	375
47	383
47	399
47	405
47	418
47	449
48	1
48	2
48	3
48	4
48	5
48	6
48	10
48	12
48	19
48	21
48	24
48	25
48	26
48	29
48	30
48	31
48	32
48	33
48	34
48	37
48	40
48	43
48	45
48	50
48	51
48	53
48	54
48	55
48	58
48	61
49	0
49	12
49	15
49	16
49	18
49	19
49	22
49	27
49	30
49	34
49	46
49	64
49	74
49	75
49	79
49	83
49	88
49	90
49	110
49	113
49	229
49	281
49	296
49	333
49	375
49	381
49	385
49	395
49	401
49	414
50	0
50	2
50	4
50	5
50	10
50	11
50	12
50	24
50	25
50	27
50	28
50	29
50	30
50	31
50	33
50	34
50	35
50	43
50	47
50	48
50	51
50	55
50	61
50	68
50	69
50	73
50	74
50	87
50	93
50	96
51	0
51	2
51	4
51	5
51	10
51	11
51	12
51	24
51	26
51	28
51	29
51	30
51	34
51	35
51	37
51	39
51	43
51	48
51	50
51	53
51	55
51	61
51	66
51	69
51	72
51	73
51	74
51	77
51	79
51	83
52	12
52	18
52	28
52	29
52	34
52	49
52	53
52	55
52	69
52	74
52	89
52	93
52	97
52	100
52	102
52	103
52	107
52	116
52	135
52	195
52	210
52	243
52	249
52	357
52	416
52	437
52	441
52	447
52	449
53	0
53	10
53	12
53	18
53	19
53	27
53	28
53	29
53	43
53	48
53	58
53	61
53	65
53	68
53	74
53	77
53	88
53	101
53	103
53	122
53	127
53	295
53	335
53	369
53	405
53	418
53	426
54	2
54	18
54	19
54	20
54	22
54	27
54	28
54	34
54	38
54	40
54	53
54	59
54	81
54	83
54	85
54	112
54	126
54	128
54	130
54	136
54	187
54	210
54	299
54	329
54	376
54	385
54	414
54	415
54	418
55	0
55	11
55	12
55	24
55	26
55	28
55	30
55	34
55	37
55	38
55	48
55	50
55	51
55	53
55	61
55	72
55	73
55	74
55	87
55	89
55	93
55	96
55	97
55	100
55	101
55	102
55	103
55	104
55	106
55	107
56	0
57	30
57	76
57	135
57	296
57	401
58	0
58	1
58	2
58	18
58	19
58	20
58	27
58	28
58	37
58	38
58	40
58	48
58	53
58	63
58	66
58	71
58	76
58	77
58	78
58	81
58	90
58	92
58	102
58	107
58	118
58	125
58	135
58	143
58	210
58	296
59	0
59	12
59	18
59	28
59	30
59	53
59	54
59	61
59	73
59	77
59	90
59	96
59	102
59	103
59	118
59	125
59	128
59	130
59	136
59	301
59	329
59	369
59	388
59	398
59	401
59	402
59	418
59	420
59	421
59	429
60	0
60	14
60	20
60	28
60	30
60	31
60	40
60	58
60	71
60	74
60	90
60	96
60	101
60	102
60	103
60	104
60	105
60	110
60	119
60	125
60	128
60	165
60	195
60	198
60	210
60	237
60	297
60	369
60	398
60	401
61	0
61	1
61	5
61	6
61	10
61	12
61	15
61	21
61	24
61	26
61	27
61	28
61	29
61	30
61	31
61	33
61	34
61	35
61	37
61	38
61	40
61	43
61	44
61	48
61	50
61	51
61	53
61	55
61	59
61	65
62	0
62	1
62	18
62	34
62	64
62	74
62	83
62	135
62	136
62	143
62	195
62	210
62	277
62	363
62	390
62	401
62	421
62	426
62	429
62	435
62	442
62	443
62	447
62	449
62	460
62	470
63	0
63	1
63	18
63	26
63	51
63	55
63	58
63	66
63	68
63	71
63	72
63	74
63	77
63	85
63	92
63	96
63	103
63	104
63	105
63	107
63	113
63	117
63	120
63	122
63	124
63	125
63	128
63	130
63	132
63	165
64	18
64	49
64	118
65	0
65	1
65	2
65	4
65	5
65	10
65	11
65	12
65	18
65	19
65	21
65	26
65	27
65	28
65	29
65	30
65	31
65	34
65	35
65	37
65	39
65	45
65	46
65	49
65	50
65	53
65	55
65	57
65	58
65	61
66	0
66	1
66	5
66	10
66	11
66	20
66	24
66	26
66	31
66	34
66	44
66	45
66	47
66	48
66	51
66	58
66	60
66	63
66	68
66	71
66	72
66	74
66	75
66	78
66	85
66	90
66	92
66	93
66	97
66	101
67	0
67	1
67	6
67	18
67	27
67	31
67	46
67	83
67	92
67	118
67	143
67	295
67	319
67	323
67	342
67	368
67	374
67	391
67	410
67	443
67	446
68	1
68	5
68	6
68	18
68	19
68	22
68	24
68	25
68	27
68	34
68	37
68	39
68	40
68	41
68	43
68	50
68	53
68	60
68	61
68	63
68	66
68	71
68	72
68	74
68	79
68	81
68	90
68	91
68	99
68	102
69	0
69	19
69	21
69	24
69	27
69	28
69	29
69	34
69	40
69	50
69	61
69	74
69	81
69	93
69	96
69	97
69	101
69	102
69	103
69	127
69	136
69	187
69	203
69	211
69	299
69	369
69	383
69	401
69	402
70	0
70	27
70	65
70	128
70	169
70	236
70	330
70	382
70	387
71	0
71	1
71	18
71	19
71	20
71	24
71	25
71	28
71	29
71	30
71	34
71	40
71	45
71	58
71	60
71	63
71	66
71	68
71	72
71	78
71	85
71	93
71	96
71	101
71	104
71	105
71	107
71	110
71	113
71	119
72	0
72	2
72	5
72	6
72	10
72	11
72	12
72	19
72	20
72	24
72	25
72	26
72	27
72	28
72	29
72	30
72	34
72	35
72	37
72	39
72	43
72	48
72	50
72	51
72	55
72	66
72	67
72	69
72	71
72	73
73	4
73	5
73	10
73	12
73	14
73	20
73	24
73	26
73	27
73	28
73	29
73	30
73	37
73	38
73	50
73	51
73	55
73	59
73	61
73	67
73	72
73	74
73	76
73	81
73	87
73	90
73	93
73	96
73	102
73	103
74	1
74	4
74	5
74	10
74	11
74	12
74	19
74	20
74	24
74	25
74	26
74	28
74	29
74	30
74	31
74	33
74	35
74	37
74	40
74	43
74	44
74	45
74	48
74	49
74	50
74	51
74	53
74	55
74	60
74	61
75	0
75	1
75	6
75	22
75	30
75	34
75	39
75	41
75	42
75	43
75	46
75	49
75	57
75	60
75	61
75	65
75	66
75	72
75	74
75	81
75	82
75	90
75	105
75	113
75	135
75	145
75	167
75	191
75	254
75	257
76	4
76	10
76	11
76	12
76	19
76	24
76	25
76	26
76	28
76	29
76	30
76	34
76	40
76	48
76	50
76	51
76	61
76	72
76	73
76	74
76	87
76	89
76	90
76	96
76	100
76	102
76	103
76	109
76	122
76	210
77	18
77	19
77	28
77	29
77	34
77	40
77	44
77	59
77	63
77	102
77	103
77	112
77	118
77	128
77	133
77	136
77	143
77	187
77	289
77	296
77	301
77	320
77	359
77	370
77	374
77	378
77	382
77	398
77	401
77	418
78	0
78	1
78	6
78	18
78	19
78	21
78	26
78	27
78	28
78	30
78	31
78	34
78	35
78	39
78	40
78	43
78	48
78	53
78	58
78	59
78	61
78	65
78	66
78	71
78	72
78	74
78	77
78	81
78	83
78	88
79	0
79	1
79	2
79	5
79	10
79	11
79	18
79	19
79	20
79	27
79	28
79	34
79	37
79	42
79	43
79	44
79	46
79	49
79	51
79	57
79	59
79	65
79	68
79	69
79	72
79	74
79	77
79	81
79	86
79	88
80	40
80	44
80	64
80	81
80	135
80	136
80	306
80	388
81	1
81	4
81	5
81	12
81	19
81	24
81	27
81	28
81	29
81	30
81	31
81	34
81	37
81	40
81	43
81	44
81	48
81	54
81	58
81	68
81	69
81	72
81	73
81	74
81	78
81	79
81	83
81	89
81	90
81	96
82	0
82	1
82	13
82	18
82	27
82	44
82	57
82	75
82	103
82	105
82	111
82	136
82	143
82	195
82	302
82	305
82	385
83	0
83	1
83	4
83	10
83	12
83	18
83	21
83	24
83	27
83	30
83	31
83	32
83	33
83	34
83	37
83	38
83	39
83	40
83	43
83	45
83	46
83	51
83	53
83	61
83	67
83	72
83	74
83	81
83	86
83	92
84	0
84	5
84	44
84	446
85	0
85	1
85	18
85	26
85	34
85	36
85	44
85	54
85	55
85	61
85	65
85	66
85	90
85	100
85	104
85	105
85	107
85	116
85	123
85	127
85	135
85	137
85	141
85	142
85	143
85	165
85	172
85	198
85	210
85	217
86	0
86	1
86	12
86	22
86	27
86	31
86	45
86	79
86	83
86	105
86	127
86	165
86	166
86	167
86	199
86	319
86	331
86	361
86	407
86	409
86	415
86	425
86	428
86	434
87	0
87	2
87	12
87	30
87	31
87	38
87	51
87	55
87	65
87	72
87	76
87	109
87	116
87	119
87	127
87	141
87	235
87	301
87	383
87	401
87	402
87	413
87	433
87	438
87	443
88	4
88	10
88	18
88	24
88	27
88	30
88	31
88	34
88	39
88	40
88	43
88	45
88	46
88	48
88	49
88	74
88	81
88	89
88	101
88	132
88	135
88	168
88	169
88	195
88	199
88	228
88	340
88	389
88	401
88	407
89	0
89	2
89	5
89	11
89	12
89	19
89	22
89	24
89	27
89	29
89	30
89	34
89	37
89	48
89	55
89	61
89	65
89	72
89	79
89	81
89	88
89	100
89	102
89	103
89	106
89	117
89	123
89	127
89	169
89	195
90	0
90	1
90	2
90	18
90	19
90	21
90	24
90	29
90	30
90	31
90	34
90	35
90	45
90	49
90	51
90	59
90	61
90	64
90	66
90	72
90	74
90	76
90	77
90	78
90	81
90	93
90	96
90	97
90	103
90	104
91	0
91	1
91	18
91	34
91	44
91	48
91	49
91	64
91	68
91	74
91	77
91	120
91	128
91	136
91	143
91	187
91	386
91	418
91	422
91	438
92	1
92	10
92	34
92	58
92	118
92	237
92	401
92	402
92	422
93	0
93	1
93	2
93	5
93	12
93	24
93	27
93	28
93	29
93	30
93	31
93	33
93	34
93	50
93	51
93	53
93	55
93	61
93	69
93	72
93	73
93	74
93	77
93	90
93	96
93	97
93	100
93	101
93	102
93	103
94	0
94	43
94	79
94	107
94	111
94	215
94	217
94	289
94	297
94	426
94	429
95	46
95	379
95	446
96	0
96	1
96	5
96	12
96	14
96	18
96	20
96	24
96	26
96	27
96	28
96	29
96	30
96	35
96	37
96	43
96	48
96	50
96	51
96	55
96	59
96	61
96	69
96	73
96	74
96	77
96	81
96	83
96	90
96	97
97	0
97	5
97	12
97	18
97	24
97	26
97	27
97	28
97	29
97	30
97	34
97	35
97	38
97	44
97	45
97	48
97	50
97	51
97	55
97	61
97	66
97	69
97	72
97	74
97	81
97	90
97	93
97	96
97	100
97	101
98	1
98	4
98	5
98	10
98	11
98	12
98	24
98	29
98	35
98	39
98	50
98	63
98	65
98	74
98	76
98	79
98	90
98	100
98	102
98	103
98	104
98	107
98	119
98	123
98	124
98	125
98	167
98	195
98	235
98	249
99	18
99	29
99	69
99	88
99	97
99	143
99	442
99	443
100	2
100	4
100	5
100	6
100	10
100	12
100	19
100	21
100	22
100	26
100	27
100	28
100	30
100	38
100	43
100	48
100	50
100	51
100	55
100	61
100	75
100	76
100	88
100	89
100	93
100	97
100	98
100	102
100	103
100	104
101	0
101	1
101	4
101	6
101	11
101	12
101	18
101	20
101	22
101	24
101	26
101	27
101	28
101	29
101	30
101	31
101	33
101	34
101	39
101	45
101	48
101	50
101	53
101	55
101	60
101	61
101	65
101	66
101	69
101	71
102	2
102	5
102	10
102	12
102	14
102	18
102	20
102	21
102	24
102	28
102	29
102	30
102	31
102	48
102	50
102	51
102	53
102	55
102	59
102	61
102	66
102	69
102	72
102	77
102	81
102	87
102	89
102	90
102	93
102	96
103	2
103	4
103	5
103	10
103	11
103	12
103	14
103	20
103	24
103	26
103	27
103	28
103	29
103	30
103	31
103	33
103	35
103	38
103	39
103	40
103	43
103	48
103	50
103	51
103	53
103	61
103	69
103	73
103	74
103	77
104	0
104	2
104	5
104	10
104	12
104	18
104	19
104	20
104	24
104	25
104	28
104	29
104	30
104	33
104	34
104	35
104	37
104	38
104	50
104	51
104	55
104	59
104	72
104	73
104	74
104	78
104	81
104	87
104	88
104	93
105	0
105	1
105	2
105	11
105	12
105	19
105	27
105	31
105	34
105	37
105	39
105	42
105	43
105	45
105	53
105	60
105	63
105	65
105	68
105	71
105	73
105	75
105	78
105	79
105	82
105	83
105	85
105	86
105	87
105	88
106	0
106	11
106	28
106	34
106	37
106	50
106	52
106	55
106	60
106	61
106	79
106	89
106	116
106	234
106	296
106	335
106	354
106	375
106	382
106	384
106	386
106	399
106	401
106	402
106	418
106	419
106	426
106	449
106	450
107	0
107	1
107	4
107	12
107	18
107	19
107	27
107	28
107	30
107	31
107	34
107	35
107	42
107	43
107	44
107	45
107	51
107	54
107	55
107	58
107	59
107	61
107	65
107	68
107	69
107	71
107	72
107	74
107	77
107	78
108	0
108	5
108	11
108	12
108	18
108	26
108	27
108	34
108	37
108	51
108	55
108	61
108	65
108	83
108	100
108	101
108	102
108	103
108	113
108	116
108	117
108	118
108	119
108	124
108	127
108	135
108	141
108	223
108	249
108	277
109	0
109	12
109	27
109	34
109	35
109	48
109	49
109	50
109	51
109	55
109	59
109	61
109	69
109	74
109	90
109	100
109	102
109	103
109	107
109	116
109	117
109	165
109	191
109	301
109	359
109	398
109	414
109	418
109	433
109	441
110	0
110	1
110	2
110	10
110	11
110	18
110	26
110	28
110	34
110	35
110	48
110	49
110	51
110	71
110	72
110	73
110	74
110	76
110	77
110	85
110	90
110	93
110	103
110	104
110	117
110	120
110	122
110	125
110	127
110	136
111	18
111	27
111	28
111	34
111	55
111	74
111	77
111	78
111	115
111	118
111	210
111	235
111	249
111	277
111	312
111	340
111	350
111	369
111	381
111	383
112	0
112	18
112	34
112	44
112	59
112	65
112	77
112	118
112	128
112	136
112	143
112	187
112	297
112	401
112	420
112	425
112	433
113	0
113	1
113	14
113	27
113	34
113	37
113	43
113	49
113	50
113	63
113	71
113	75
113	87
113	92
113	101
113	105
113	107
113	108
113	118
113	123
113	180
113	195
113	203
113	208
113	236
113	239
113	283
113	295
113	297
113	300
114	0
114	79
114	83
114	97
114	109
114	223
114	358
114	365
114	429
115	0
115	90
115	96
115	111
115	136
115	165
115	282
115	289
115	297
115	302
115	319
115	320
115	360
115	421
115	452
116	0
116	12
116	18
116	24
116	27
116	28
116	30
116	33
116	35
116	40
116	43
116	48
116	50
116	51
116	53
116	55
116	59
116	61
116	72
116	73
116	74
116	77
116	81
116	87
116	90
116	96
116	100
116	102
116	103
116	104
117	0
117	4
117	5
117	10
117	12
117	22
117	24
117	25
117	26
117	27
117	28
117	29
117	30
117	31
117	33
117	34
117	37
117	43
117	48
117	50
117	51
117	53
117	55
117	59
117	61
117	63
117	65
117	68
117	69
117	72
118	21
118	58
118	59
118	64
118	92
118	130
118	188
118	368
118	388
118	398
118	429
118	433
119	0
119	1
119	2
119	5
119	6
119	10
119	11
119	12
119	18
119	19
119	24
119	26
119	27
119	28
119	29
119	30
119	34
119	35
119	36
119	39
119	45
119	50
119	51
119	53
119	55
119	59
119	60
119	61
119	65
119	66
120	0
120	1
120	2
120	14
120	18
120	28
120	35
120	51
120	54
120	55
120	63
120	65
120	66
120	73
120	74
120	85
120	90
120	93
120	100
120	102
120	103
120	104
120	107
120	110
120	117
120	140
120	141
120	210
120	233
120	236
121	143
122	0
122	5
122	11
122	12
122	24
122	27
122	29
122	30
122	31
122	34
122	35
122	36
122	37
122	39
122	44
122	48
122	50
122	51
122	55
122	61
122	63
122	72
122	74
122	76
122	87
122	90
122	97
122	100
122	101
122	102
123	0
123	1
123	2
123	5
123	10
123	11
123	12
123	21
123	24
123	29
123	30
123	31
123	34
123	35
123	40
123	42
123	45
123	51
123	55
123	61
123	65
123	72
123	73
123	76
123	77
123	78
123	79
123	81
123	85
123	89
124	2
124	5
124	10
124	18
124	21
124	27
124	28
124	29
124	34
124	35
124	36
124	51
124	53
124	59
124	61
124	63
124	68
124	69
124	71
124	72
124	74
124	76
124	77
124	83
124	85
124	90
124	92
124	93
124	96
124	97
125	12
125	18
125	59
125	73
125	74
125	103
125	104
125	107
125	117
125	210
125	357
125	394
125	416
125	453
126	0
126	18
126	28
126	45
126	107
126	143
126	223
126	297
126	299
126	385
127	0
127	1
127	2
127	5
127	7
127	11
127	12
127	19
127	22
127	23
127	25
127	27
127	29
127	31
127	35
127	36
127	37
127	39
127	40
127	44
127	46
127	48
127	50
127	51
127	53
127	55
127	66
127	68
127	69
127	72
128	18
128	19
128	28
128	40
128	44
128	59
128	64
128	77
128	112
128	136
128	143
128	210
128	299
128	301
128	418
128	420
128	429
128	432
129	0
129	289
130	6
130	18
130	27
130	28
130	40
130	54
130	59
130	77
130	92
130	118
130	225
130	320
130	368
130	382
130	401
130	418
130	443
130	452
131	55
131	235
132	0
132	18
132	24
132	29
132	39
132	43
132	49
132	63
132	65
132	66
132	71
132	72
132	81
132	88
132	96
132	104
132	124
132	133
132	136
132	140
132	141
132	154
132	187
132	195
132	198
132	307
132	314
132	329
132	340
132	345
133	1
133	18
133	19
133	40
133	55
133	66
133	77
133	96
133	116
133	137
133	187
133	233
133	254
133	283
133	329
133	364
133	368
133	369
133	382
133	418
133	436
134	446
135	0
135	13
135	21
135	23
135	27
135	31
135	40
135	44
135	72
135	80
135	118
135	136
135	143
135	187
135	225
135	238
135	243
135	296
135	299
135	301
135	312
135	333
135	388
135	394
135	398
135	402
135	407
135	429
135	431
135	433
136	0
136	1
136	11
136	18
136	20
136	21
136	30
136	33
136	39
136	59
136	69
136	78
136	101
136	105
136	119
136	128
136	130
136	132
136	135
136	140
136	169
136	188
136	210
136	239
136	261
136	301
136	319
136	329
136	346
136	366
137	0
137	1
137	18
137	34
137	40
137	44
137	55
137	68
137	85
137	104
137	125
137	133
137	140
137	368
137	418
137	451
137	452
138	8
138	27
138	31
138	59
138	374
138	395
138	446
139	0
139	18
139	26
139	28
139	30
139	40
139	59
139	96
139	111
139	125
139	136
139	142
139	301
139	398
139	433
140	0
140	18
140	19
140	21
140	27
140	28
140	29
140	34
140	40
140	43
140	68
140	69
140	71
140	72
140	74
140	78
140	81
140	88
140	92
140	99
140	104
140	125
140	132
140	136
140	137
140	143
140	187
140	191
140	210
140	217
141	0
141	4
141	5
141	6
141	10
141	11
141	12
141	13
141	18
141	19
141	24
141	26
141	27
141	28
141	29
141	33
141	34
141	35
141	46
141	51
141	55
141	57
141	59
141	62
141	65
141	66
141	71
141	72
141	76
141	83
142	0
142	2
142	18
142	28
142	61
142	85
142	116
142	135
142	383
142	398
142	429
142	438
1	3
1	4
1	5
1	10
1	11
1	16
1	17
1	20
1	21
1	24
1	25
1	27
1	28
1	29
1	30
1	31
1	33
1	34
1	39
1	40
1	43
1	46
1	48
1	54
1	58
1	61
1	63
1	65
1	66
1	67
3	1
3	5
3	18
3	28
3	29
3	30
3	31
3	32
3	34
3	92
3	198
3	211
3	352
3	359
3	404
3	437
3	452
159	0
159	1
159	2
159	8
159	9
159	12
159	19
159	21
159	24
159	25
159	27
159	31
159	34
159	43
159	44
159	48
159	67
159	69
159	81
159	102
159	117
159	122
159	145
159	154
159	155
159	156
159	165
159	167
159	169
159	225
169	0
169	1
169	2
169	4
169	6
169	12
169	19
169	21
169	22
169	24
169	25
169	26
169	27
169	28
169	30
169	31
169	33
169	34
169	35
169	37
169	40
169	43
169	44
169	54
169	61
169	64
169	65
169	68
169	72
169	74
185	0
185	1
185	2
185	19
185	21
185	22
185	25
185	27
185	30
185	34
185	43
185	61
185	73
185	74
185	81
185	103
185	108
185	109
185	113
185	122
185	165
185	168
185	193
185	203
185	233
185	295
185	312
185	313
185	317
185	326
193	0
193	1
193	12
193	19
193	21
193	22
193	25
193	27
193	30
193	31
193	32
193	34
193	38
193	49
193	74
193	122
193	154
193	165
193	185
193	222
193	283
193	312
193	318
193	326
193	345
193	353
193	360
193	385
193	395
193	401
205	0
205	1
205	6
205	27
205	31
205	74
205	377
205	387
205	410
205	428
210	0
210	1
210	12
210	18
210	19
210	20
210	27
210	28
210	29
210	31
210	33
210	34
210	37
210	39
210	44
210	46
210	48
210	53
210	54
210	58
210	61
210	65
210	68
210	69
210	71
210	74
210	76
210	77
210	78
210	81
215	0
215	1
215	10
215	16
215	18
215	25
215	27
215	30
215	31
215	34
215	35
215	39
215	40
215	43
215	46
215	49
215	51
215	60
215	65
215	66
215	72
215	77
215	78
215	81
215	89
215	90
215	94
215	101
215	102
215	103
222	0
222	1
222	8
222	18
222	27
222	28
222	31
222	33
222	34
222	40
222	45
222	46
222	77
222	100
222	108
222	133
222	138
222	156
222	180
222	192
222	193
222	210
222	288
222	295
222	312
222	318
222	319
222	365
222	372
222	374
225	0
225	1
225	5
225	12
225	18
225	19
225	22
225	28
225	29
225	30
225	31
225	34
225	37
225	40
225	55
225	61
225	69
225	71
225	72
225	74
225	81
225	83
225	85
225	89
225	90
225	93
225	96
225	97
225	101
225	102
232	0
232	1
232	6
232	10
232	18
232	22
232	27
232	34
232	40
232	48
232	65
232	87
232	101
232	117
232	122
232	127
232	143
232	153
232	208
232	241
232	246
232	295
232	300
232	310
232	329
232	368
232	401
232	426
232	449
233	0
233	1
233	2
233	4
233	5
233	6
233	10
233	12
233	14
233	18
233	19
233	20
233	24
233	27
233	28
233	29
233	30
233	31
233	34
233	35
233	37
233	43
233	48
233	50
233	51
233	55
233	61
233	69
233	71
233	72
235	0
235	1
235	2
235	4
235	5
235	12
235	21
235	24
235	27
235	31
235	37
235	39
235	43
235	50
235	55
235	65
235	68
235	79
235	90
235	92
235	100
235	101
235	102
235	103
235	111
235	122
235	124
235	125
235	127
235	135
236	0
236	1
236	30
236	31
236	45
236	53
236	55
236	61
236	68
236	69
236	71
236	76
236	103
236	113
236	119
236	120
236	122
236	123
236	141
236	210
236	225
236	316
236	335
236	359
236	383
236	385
236	387
236	410
236	422
236	443
237	0
237	5
237	6
237	11
237	12
237	18
237	24
237	27
237	29
237	30
237	39
237	50
237	51
237	53
237	54
237	61
237	68
237	69
237	72
237	74
237	81
237	83
237	89
237	92
237	93
237	96
237	100
237	101
237	103
237	109
254	0
254	1
254	18
254	26
254	27
254	28
254	29
254	30
254	34
254	45
254	53
254	55
254	57
254	65
254	68
254	71
254	74
254	83
254	103
254	104
254	105
254	107
254	118
254	125
254	133
254	210
254	223
254	225
254	282
254	297
283	0
283	1
283	22
283	42
283	43
283	83
283	89
283	105
283	113
283	115
283	123
283	133
283	193
283	210
283	233
283	326
283	330
283	373
283	413
283	415
283	447
283	449
295	0
295	32
295	40
295	67
295	81
295	165
295	388
295	414
297	0
297	1
297	2
297	18
297	24
297	40
297	45
297	60
297	66
297	67
297	71
297	72
297	74
297	104
297	110
297	112
297	113
297	115
297	126
297	141
297	147
297	187
297	210
297	217
297	254
297	273
297	289
297	329
297	330
297	354
300	0
300	18
300	21
300	27
300	31
300	34
300	40
300	44
300	48
300	61
300	83
300	88
300	89
300	108
300	119
300	127
300	135
300	136
300	195
300	225
300	235
300	301
300	333
300	367
300	388
300	401
300	410
300	421
300	443
310	1
310	4
310	12
310	19
310	25
310	26
310	29
310	30
310	31
310	33
310	34
310	43
310	48
310	54
310	59
310	81
310	92
310	93
310	101
310	113
310	117
310	118
310	122
310	127
310	159
310	165
310	192
310	195
310	210
310	312
311	1
311	6
311	19
311	27
311	31
311	34
311	43
311	48
311	78
311	81
311	83
311	113
311	357
311	360
311	382
311	394
311	405
311	427
311	434
312	10
312	12
312	19
312	22
312	25
312	27
312	29
312	30
312	31
312	34
312	38
312	43
312	48
312	50
312	61
312	74
312	77
312	78
312	81
312	83
312	89
312	90
312	101
312	103
312	111
312	113
312	122
312	135
312	143
312	159
313	1
313	33
313	145
313	185
313	324
313	473
314	10
314	12
314	22
314	25
314	31
314	34
314	54
314	104
314	122
314	145
314	167
314	225
314	342
314	385
314	402
314	447
315	1
315	12
315	22
315	77
315	92
315	96
315	143
315	166
315	172
315	305
315	312
315	398
315	400
315	447
315	451
316	0
316	1
316	34
316	68
316	71
316	83
316	105
316	113
316	236
316	250
316	320
316	353
316	408
316	422
316	447
317	1
317	22
317	27
317	41
317	43
317	49
317	74
317	101
317	185
317	201
317	449
318	1
318	8
318	18
318	39
318	45
318	101
318	107
318	112
318	127
318	141
318	143
318	158
318	169
318	222
318	233
318	288
318	330
318	342
318	372
318	408
318	411
318	413
318	438
319	1
319	2
319	5
319	6
319	8
319	10
319	11
319	18
319	21
319	27
319	29
319	30
319	31
319	33
319	34
319	35
319	40
319	44
319	46
319	48
319	49
319	51
319	53
319	54
319	58
319	61
319	65
319	67
319	72
319	76
320	18
320	21
320	23
320	40
320	57
320	77
320	81
320	115
320	118
320	143
320	165
320	186
320	187
320	223
320	286
320	312
320	319
320	329
320	333
320	349
320	353
320	370
320	375
320	381
320	395
320	401
320	403
320	407
320	408
320	421
321	1
321	6
321	27
321	46
321	92
321	295
321	327
321	360
322	1
322	18
322	34
323	1
323	44
323	67
323	138
323	235
323	319
323	374
323	390
323	403
323	426
323	447
324	1
324	12
324	22
324	31
324	43
324	195
324	478
325	18
325	28
325	44
325	59
325	61
325	64
325	135
325	136
325	376
325	388
325	395
325	401
325	408
325	409
326	1
326	19
326	22
326	27
326	29
326	30
326	31
326	34
326	40
326	43
326	48
326	65
326	83
326	89
326	101
326	113
326	155
326	159
326	165
326	169
326	172
326	193
326	283
326	312
326	329
326	360
326	394
326	400
326	401
326	410
327	12
327	16
327	18
327	24
327	26
327	31
327	33
327	34
327	35
327	42
327	50
327	55
327	59
327	65
327	74
327	76
327	87
327	89
327	93
327	100
327	103
327	108
327	109
327	110
327	127
327	195
327	203
327	236
327	237
327	360
328	1
328	4
328	6
328	32
328	43
328	48
328	49
328	118
328	135
328	368
328	385
328	405
328	427
328	440
329	1
329	2
329	6
329	13
329	18
329	19
329	22
329	27
329	29
329	31
329	34
329	40
329	44
329	53
329	54
329	59
329	63
329	77
329	81
329	124
329	127
329	133
329	136
329	140
329	143
329	169
329	187
329	233
329	299
329	319
330	1
330	5
330	19
330	26
330	35
330	44
330	70
330	74
330	79
330	83
330	101
330	105
330	124
330	277
330	283
330	291
330	297
330	299
330	301
330	318
330	352
330	408
330	413
330	414
330	466
331	1
331	2
331	12
331	22
331	25
331	30
331	31
331	33
331	34
331	37
331	42
331	43
331	72
331	74
331	76
331	86
331	100
331	104
331	117
331	127
331	165
331	167
331	180
331	185
331	203
331	233
331	248
331	333
331	334
331	339
332	10
332	16
332	22
332	25
332	27
332	38
332	41
332	42
332	44
332	46
332	65
332	164
332	195
332	219
332	261
332	289
332	295
332	327
332	354
332	374
332	413
332	415
332	426
332	445
332	447
332	449
332	492
334	18
334	19
334	27
334	28
334	34
334	37
334	38
334	46
334	71
334	78
334	81
334	89
334	90
334	104
334	105
334	167
334	251
334	295
334	331
334	382
334	383
334	413
334	445
334	449
334	450
335	1
335	2
335	4
335	5
335	10
335	11
335	12
335	18
335	19
335	21
335	24
335	26
335	27
335	28
335	29
335	30
335	33
335	34
335	35
335	39
335	40
335	50
335	51
335	53
335	55
335	61
335	65
335	66
335	68
335	71
336	1
336	5
336	10
336	26
336	27
336	31
336	34
336	91
336	101
336	102
336	127
336	254
336	261
336	283
336	342
336	396
336	407
336	421
337	1
337	43
337	236
337	360
337	400
338	1
338	18
338	21
338	27
338	31
338	127
338	195
338	295
338	342
338	401
338	443
338	446
338	447
339	1
339	10
339	30
339	31
339	33
339	34
339	37
339	38
339	40
339	42
339	43
339	46
339	48
339	52
339	54
339	66
339	73
339	74
339	87
339	100
339	101
339	103
339	105
339	113
339	169
339	175
339	241
339	295
339	300
339	327
340	1
340	18
340	19
340	27
340	29
340	31
340	34
340	39
340	43
340	45
340	48
340	49
340	58
340	59
340	61
340	64
340	65
340	74
340	78
340	79
340	81
340	88
340	89
340	91
340	101
340	106
340	111
340	125
340	127
340	135
341	1
341	6
341	12
341	18
341	25
341	27
341	31
341	33
341	39
341	68
341	197
341	211
341	365
341	368
341	385
341	441
341	446
341	454
342	0
342	1
342	6
342	18
342	27
342	33
342	44
342	46
342	53
342	57
342	58
342	67
342	71
342	74
342	90
342	105
342	119
342	136
342	138
342	143
342	145
342	159
342	223
342	235
342	239
342	241
342	282
342	299
342	318
342	336
343	1
343	18
343	28
343	59
343	66
343	69
343	72
343	92
343	102
343	107
343	118
343	125
343	127
343	128
343	136
343	140
343	143
343	169
343	187
343	299
343	301
343	303
343	320
343	418
343	420
343	438
343	452
343	481
344	1
344	2
344	4
344	10
344	11
344	12
344	24
344	29
344	34
344	35
344	36
344	50
344	51
344	65
344	69
344	77
344	85
344	89
344	90
344	93
344	96
344	97
344	98
344	102
344	103
344	104
344	117
344	119
344	123
344	127
345	1
345	4
345	10
345	11
345	12
345	22
345	25
345	27
345	30
345	31
345	33
345	34
345	38
345	40
345	43
345	45
345	48
345	65
345	66
345	89
345	100
345	108
345	113
345	127
345	132
345	155
345	156
345	169
345	191
345	193
346	1
346	2
346	18
346	24
346	27
346	28
346	31
346	40
346	42
346	46
346	77
346	101
346	117
346	118
346	136
346	141
346	191
346	342
346	350
346	372
346	374
346	377
346	382
346	390
346	396
346	401
346	405
346	449
346	496
347	1
348	1
348	18
348	40
348	67
348	118
348	134
348	135
348	136
348	138
348	143
348	195
348	288
348	307
348	340
348	446
349	1
349	24
349	27
349	31
349	33
349	43
349	45
349	77
349	78
349	81
349	164
349	235
349	296
349	312
349	329
349	354
349	377
349	382
349	387
349	401
349	410
349	414
349	426
349	427
349	440
349	447
350	1
350	6
350	10
350	12
350	16
350	25
350	27
350	31
350	40
350	43
350	49
350	53
350	65
350	71
350	72
350	78
350	81
350	89
350	90
350	105
350	111
350	117
350	118
350	125
350	127
350	135
350	156
350	199
350	216
350	225
351	376
351	408
351	411
352	1
352	3
352	6
352	13
352	18
352	28
352	29
352	55
352	91
352	92
352	107
352	112
352	118
352	120
352	128
352	134
352	210
352	223
352	291
352	329
352	330
352	388
352	401
352	408
352	431
352	446
352	452
353	1
353	4
353	18
353	19
353	21
353	22
353	28
353	30
353	31
353	34
353	38
353	63
353	66
353	68
353	74
353	89
353	100
353	101
353	154
353	155
353	165
353	168
353	185
353	193
353	289
353	295
353	312
353	316
353	320
353	326
354	0
354	1
354	10
354	19
354	21
354	28
354	31
354	34
354	35
354	39
354	40
354	45
354	49
354	66
354	68
354	72
354	74
354	77
354	78
354	79
354	81
354	88
354	90
354	101
354	105
354	110
354	112
354	119
354	120
354	123
355	1
355	5
355	6
355	15
355	18
355	102
355	164
355	206
355	229
355	326
355	357
355	385
356	1
356	6
356	18
356	27
356	34
356	44
356	45
356	49
356	60
356	64
356	83
356	88
356	89
356	105
356	111
356	143
356	222
356	228
356	235
356	300
356	340
356	382
356	394
356	395
356	410
356	421
357	1
357	6
357	11
357	18
357	26
357	27
357	30
357	31
357	34
357	37
357	45
357	48
357	50
357	51
357	52
357	69
357	72
357	77
357	93
357	100
357	102
357	103
357	105
357	107
357	119
357	124
357	125
357	127
357	135
357	155
358	1
358	20
358	77
358	143
358	187
358	289
358	398
358	429
358	440
359	1
359	3
359	4
359	11
359	18
359	24
359	31
359	33
359	34
359	40
359	101
359	109
359	127
359	236
359	237
359	289
359	350
359	354
359	382
359	399
359	420
359	426
359	434
359	456
360	31
360	33
360	40
360	61
360	81
360	90
360	105
360	115
360	122
360	156
360	192
360	249
360	286
360	295
360	312
360	333
360	350
360	367
360	381
360	388
360	394
360	401
360	410
360	411
360	421
360	426
360	427
360	447
361	1
361	10
361	28
361	86
361	325
361	408
361	426
362	1
362	10
362	18
362	22
362	27
362	28
362	31
362	34
362	43
362	48
362	49
362	50
362	57
362	58
362	74
362	76
362	90
362	155
362	212
362	219
362	312
362	367
362	382
362	401
362	410
362	414
362	426
362	434
362	447
362	456
363	0
363	19
363	21
363	27
363	34
363	44
363	97
363	135
363	237
363	295
363	390
363	420
363	449
364	1
364	20
364	54
364	59
364	63
364	66
364	68
364	71
364	72
364	74
364	83
364	133
364	233
364	329
364	382
364	385
364	415
364	418
364	449
365	23
365	39
365	43
365	114
365	122
365	319
365	357
365	367
365	411
366	1
366	2
366	5
366	10
366	11
366	12
366	18
366	28
366	34
366	35
366	39
366	50
366	51
366	61
366	65
366	72
366	90
366	98
366	102
366	122
366	124
366	141
366	212
366	213
366	234
366	235
366	237
366	300
366	333
366	335
367	1
367	6
367	10
367	19
367	27
367	30
367	31
367	34
367	38
367	48
367	66
367	79
367	83
367	100
367	101
367	154
367	155
367	159
367	168
367	212
367	237
367	300
367	312
367	360
367	362
367	365
367	375
367	401
367	407
367	409
368	1
368	6
368	12
368	13
368	30
368	31
368	34
368	48
368	63
368	67
368	78
368	90
368	92
368	103
368	118
368	130
368	133
368	137
368	187
368	319
368	374
368	411
368	414
368	415
368	417
368	443
368	446
369	19
369	27
369	28
369	29
369	30
369	34
369	55
369	61
369	73
369	74
369	81
369	90
369	93
369	96
369	103
369	104
369	125
369	136
369	143
369	295
369	398
369	418
369	429
369	438
370	1
370	10
370	19
370	40
370	65
370	66
370	69
370	77
370	81
370	96
370	113
370	118
370	124
370	130
370	135
370	136
370	145
370	195
370	301
370	320
370	329
370	333
370	381
370	401
370	407
370	415
370	431
370	446
371	1
371	23
371	27
371	34
371	43
371	165
371	169
371	293
371	377
371	400
371	414
372	1
372	8
372	18
372	22
372	25
372	27
372	31
372	34
372	40
372	43
372	77
372	138
372	222
372	295
372	345
372	374
372	385
372	401
373	1
373	14
373	18
373	25
373	33
373	43
373	67
373	74
373	105
373	193
373	210
373	212
373	242
373	261
373	295
373	319
373	408
373	409
374	18
374	27
374	46
374	48
374	64
374	67
374	74
374	77
374	81
374	130
374	138
374	222
374	287
374	312
374	319
374	323
374	368
374	372
374	411
374	421
374	426
374	446
375	1
375	2
375	12
375	15
375	18
375	19
375	21
375	24
375	27
375	28
375	29
375	31
375	32
375	33
375	34
375	35
375	43
375	47
375	48
375	49
375	50
375	51
375	55
375	61
375	65
375	72
375	74
375	79
375	81
375	90
376	1
376	10
376	31
376	38
376	54
376	154
376	222
376	312
376	325
376	351
376	409
376	411
376	426
376	436
376	447
377	1
377	30
377	34
377	39
377	41
377	45
377	46
377	53
377	119
377	167
377	185
377	205
377	235
377	297
377	345
377	346
377	371
377	382
377	399
377	413
377	418
377	426
377	454
377	456
377	487
378	2
378	10
378	11
378	18
378	20
378	23
378	28
378	29
378	31
378	34
378	35
378	37
378	43
378	53
378	54
378	59
378	72
378	73
378	74
378	77
378	83
378	88
378	92
378	102
378	104
378	118
378	125
378	135
378	187
378	297
379	1
379	4
379	5
379	6
379	17
379	18
379	27
379	32
379	34
379	45
379	46
379	67
379	79
379	92
379	95
379	101
379	113
379	143
379	145
379	163
379	241
379	295
379	324
379	363
379	365
379	368
379	385
379	413
379	443
379	446
380	1
380	18
380	31
380	65
380	79
380	92
380	368
380	375
380	388
380	401
380	407
380	426
380	454
381	1
381	19
381	21
381	27
381	34
381	40
381	48
381	49
381	65
381	71
381	74
381	79
381	81
381	83
381	90
381	118
381	143
381	165
381	286
381	295
381	296
381	320
381	350
381	354
381	360
381	374
381	375
381	388
381	395
381	405
382	1
382	7
382	12
382	19
382	22
382	25
382	27
382	28
382	29
382	30
382	31
382	34
382	38
382	39
382	40
382	51
382	54
382	58
382	68
382	72
382	77
382	83
382	93
382	96
382	97
382	100
382	101
382	103
382	112
382	124
383	1
383	2
383	4
383	5
383	6
383	10
383	11
383	12
383	18
383	22
383	24
383	25
383	26
383	27
383	29
383	30
383	31
383	33
383	34
383	35
383	36
383	39
383	47
383	48
383	50
383	51
383	55
383	61
383	65
383	66
384	11
384	12
384	18
384	24
384	26
384	28
384	34
384	35
384	39
384	43
384	50
384	51
384	55
384	61
384	65
384	85
384	93
384	100
384	102
384	103
384	104
384	105
384	106
384	116
384	117
384	120
384	123
384	124
384	125
384	127
386	1
386	11
386	12
386	20
386	22
386	31
386	34
386	38
386	39
386	45
386	61
386	66
386	71
386	72
386	74
386	75
386	91
386	105
386	106
386	107
386	165
386	192
386	228
386	236
386	245
386	269
386	289
386	291
386	297
386	312
387	1
387	4
387	11
387	40
387	50
387	70
387	75
387	122
387	203
387	205
387	213
387	232
387	236
387	279
387	344
387	349
387	383
387	386
387	405
387	434
387	447
387	449
388	14
388	19
388	21
388	27
388	74
388	100
388	102
388	115
388	135
388	243
388	295
388	301
388	306
388	325
388	360
388	369
388	381
388	429
388	453
389	1
389	88
389	195
389	203
389	208
389	235
389	239
389	254
389	340
389	342
389	350
389	403
389	492
390	1
390	6
390	363
390	408
391	1
391	4
391	5
391	6
391	8
391	18
391	31
391	67
391	138
391	222
391	288
391	318
391	374
391	404
391	411
391	442
392	1
392	18
392	63
392	282
392	329
393	1
393	22
393	34
393	117
393	145
393	165
393	185
394	1
394	4
394	12
394	14
394	19
394	24
394	27
394	29
394	30
394	37
394	43
394	48
394	50
394	51
394	54
394	55
394	58
394	61
394	65
394	69
394	72
394	74
394	77
394	83
394	96
394	100
394	102
394	103
394	109
394	116
395	1
395	10
395	15
395	18
395	26
395	27
395	30
395	32
395	35
395	39
395	40
395	44
395	46
395	49
395	64
395	65
395	66
395	77
395	85
395	90
395	93
395	103
395	105
395	111
395	113
395	119
395	138
395	141
395	169
395	235
396	1
396	2
396	4
396	6
396	27
396	31
396	38
396	43
396	57
396	99
396	290
396	295
396	395
396	401
397	1
397	75
397	81
397	90
397	93
397	100
397	107
397	164
397	210
397	354
397	386
397	396
397	401
397	403
397	407
397	408
397	449
398	1
398	5
398	12
398	14
398	20
398	28
398	29
398	30
398	40
398	43
398	48
398	50
398	59
398	61
398	72
398	73
398	77
398	96
398	102
398	103
398	104
398	117
398	118
398	210
398	223
398	301
398	312
398	315
398	401
398	402
399	1
399	12
399	31
399	47
399	52
399	106
399	119
399	326
399	329
399	359
399	377
399	382
399	388
399	405
399	426
399	427
399	433
399	436
399	444
400	1
400	12
400	14
400	22
400	27
400	29
400	31
400	32
400	34
400	37
400	39
400	43
400	45
400	46
400	48
400	74
400	79
400	83
400	89
400	96
400	101
400	102
400	103
400	122
400	145
400	149
400	154
400	155
400	156
400	159
401	1
401	2
401	4
401	5
401	10
401	11
401	12
401	19
401	20
401	21
401	22
401	23
401	24
401	27
401	28
401	29
401	30
401	31
401	33
401	34
401	35
401	37
401	43
401	48
401	49
401	50
401	51
401	55
401	58
401	61
402	2
402	5
402	10
402	12
402	24
402	27
402	28
402	31
402	35
402	50
402	51
402	55
402	59
402	69
402	73
402	74
402	87
402	90
402	92
402	93
402	100
402	101
402	102
402	103
402	104
402	107
402	116
402	117
402	123
402	125
403	1
403	18
403	21
403	23
403	31
403	35
403	39
403	43
403	49
403	51
403	61
403	66
403	74
403	75
403	78
403	79
403	81
403	89
403	93
403	96
403	100
403	105
403	107
403	109
403	127
403	169
403	210
403	235
403	237
403	286
404	0
404	8
404	18
404	31
404	44
404	135
404	409
404	410
404	431
404	455
405	1
405	18
405	27
405	30
405	34
405	39
405	40
405	43
405	47
405	53
405	71
405	72
405	75
405	79
405	81
405	83
405	89
405	105
405	118
405	167
405	203
405	211
405	215
405	249
405	254
405	270
405	286
405	291
405	299
405	311
406	1
406	12
406	31
406	33
406	34
406	43
406	72
406	75
406	141
406	199
406	235
406	331
406	350
406	408
406	410
406	428
406	447
406	454
407	1
407	11
407	18
407	21
407	22
407	25
407	27
407	28
407	30
407	31
407	33
407	34
407	37
407	38
407	40
407	43
407	51
407	55
407	66
407	71
407	75
407	78
407	79
407	81
407	86
407	88
407	92
407	105
407	135
407	136
408	1
408	10
408	24
408	28
408	30
408	31
408	48
408	66
408	68
408	71
408	74
408	77
408	81
408	83
408	89
408	90
408	93
408	100
408	107
408	108
408	122
408	125
408	132
408	136
408	187
408	210
408	239
408	297
408	318
408	325
409	1
409	10
409	12
409	19
409	24
409	27
409	28
409	29
409	30
409	31
409	33
409	35
409	38
409	43
409	48
409	50
409	58
409	61
409	66
409	68
409	74
409	76
409	83
409	86
409	88
409	103
409	105
409	108
409	117
409	155
410	1
410	6
410	16
410	19
410	25
410	26
410	27
410	28
410	30
410	31
410	34
410	35
410	39
410	44
410	45
410	61
410	65
410	66
410	67
410	78
410	79
410	88
410	101
410	102
410	105
410	111
410	127
410	164
410	167
410	169
411	1
411	10
411	31
411	35
411	39
411	40
411	46
411	78
411	143
411	169
411	235
411	289
411	312
411	318
411	319
411	325
411	333
411	342
411	351
411	360
411	365
411	368
411	372
411	374
411	375
411	376
411	381
411	391
411	395
411	407
412	1
412	18
412	29
412	44
412	90
412	113
412	295
412	390
413	0
413	1
413	10
413	11
413	12
413	16
413	18
413	25
413	26
413	31
413	33
413	34
413	36
413	40
413	41
413	42
413	45
413	50
413	60
413	63
413	65
413	66
413	68
413	71
413	74
413	78
413	85
413	87
413	88
413	90
414	1
414	5
414	6
414	10
414	11
414	12
414	18
414	22
414	24
414	25
414	26
414	29
414	30
414	31
414	33
414	34
414	38
414	39
414	40
414	43
414	44
414	45
414	48
414	49
414	50
414	51
414	54
414	61
414	71
414	72
415	1
415	16
415	21
415	54
415	59
415	71
415	72
415	77
415	83
415	86
415	97
415	118
415	128
415	169
415	208
415	211
415	301
415	310
415	364
415	368
415	382
415	386
415	388
415	394
415	401
415	409
415	438
415	443
415	449
415	452
416	1
416	5
416	12
416	18
416	28
416	29
416	34
416	40
416	46
416	74
416	76
416	90
416	96
416	116
416	125
416	127
416	135
416	357
416	438
416	443
416	449
417	0
417	1
417	27
417	34
417	37
417	40
417	45
417	58
417	66
417	68
417	72
417	83
417	85
417	120
417	143
417	210
417	368
417	369
417	378
417	401
417	402
417	407
417	449
418	0
418	1
418	3
418	5
418	7
418	10
418	11
418	12
418	18
418	19
418	20
418	22
418	25
418	27
418	29
418	30
418	31
418	33
418	38
418	39
418	43
418	44
418	47
418	48
418	49
418	50
418	51
418	54
418	55
418	59
419	1
419	12
419	24
419	27
419	30
419	43
419	50
419	55
419	60
419	81
419	83
419	88
419	89
419	90
419	102
419	105
419	106
419	108
419	113
419	116
419	123
419	132
419	210
419	236
419	340
419	403
419	418
419	426
419	427
419	434
420	1
420	18
420	28
420	34
420	40
420	59
420	77
420	112
420	128
420	136
420	249
420	359
420	398
420	432
421	0
421	1
421	2
421	4
421	5
421	12
421	14
421	18
421	19
421	24
421	27
421	28
421	29
421	30
421	34
421	37
421	39
421	48
421	51
421	59
421	61
421	64
421	66
421	73
421	74
421	77
421	78
421	79
421	81
421	83
422	1
422	19
422	34
422	68
422	92
422	101
422	104
422	105
422	107
422	117
422	126
422	136
422	165
422	172
422	198
422	236
422	237
422	299
422	302
422	316
422	401
422	402
422	413
422	426
422	449
423	0
423	1
423	27
423	34
423	71
423	73
423	113
423	118
423	210
423	286
423	417
423	429
423	452
424	1
424	18
424	50
424	59
424	113
424	138
424	183
424	195
424	373
424	378
424	398
424	404
424	427
424	432
425	6
425	18
425	26
425	27
425	64
425	83
425	85
425	86
425	91
425	141
425	357
425	372
425	424
425	438
425	449
426	1
426	4
426	10
426	12
426	15
426	19
426	20
426	26
426	28
426	29
426	30
426	31
426	33
426	34
426	37
426	38
426	39
426	40
426	43
426	45
426	53
426	62
426	68
426	71
426	74
426	75
426	77
426	78
426	94
426	97
427	0
427	1
427	4
427	11
427	18
427	19
427	20
427	25
427	27
427	28
427	30
427	31
427	33
427	34
427	37
427	39
427	40
427	43
427	45
427	54
427	57
427	68
427	71
427	72
427	74
427	75
427	78
427	79
427	81
427	83
428	1
428	12
428	18
428	19
428	22
428	26
428	27
428	29
428	31
428	34
428	40
428	43
428	58
428	65
428	66
428	71
428	78
428	81
428	86
428	93
428	101
428	102
428	103
428	104
428	105
428	111
428	115
428	135
428	141
428	165
429	0
429	1
429	13
429	18
429	20
429	28
429	30
429	34
429	40
429	53
429	59
429	63
429	73
429	96
429	97
429	103
429	104
429	118
429	128
429	135
429	249
429	289
429	299
429	301
429	329
429	382
429	388
429	398
429	401
429	418
430	1
430	46
430	112
430	450
431	1
431	18
431	19
431	28
431	40
431	77
431	90
431	101
431	118
431	125
431	128
431	134
431	135
431	143
431	169
431	172
431	210
431	350
431	369
431	398
431	421
431	432
431	446
432	1
432	2
432	18
432	19
432	21
432	27
432	30
432	34
432	35
432	37
432	42
432	43
432	44
432	48
432	49
432	61
432	64
432	74
432	76
432	77
432	81
432	83
432	88
432	90
432	107
432	113
432	128
432	135
432	136
432	139
433	10
433	12
433	19
433	26
433	27
433	28
433	29
433	30
433	31
433	37
433	38
433	40
433	48
433	59
433	71
433	72
433	73
433	75
433	78
433	81
433	83
433	87
433	96
433	102
433	103
433	104
433	113
433	117
433	118
433	135
434	1
434	4
434	11
434	12
434	19
434	25
434	26
434	31
434	32
434	34
434	39
434	43
434	45
434	48
434	50
434	72
434	75
434	78
434	83
434	86
434	88
434	89
434	100
434	101
434	105
434	108
434	127
434	159
434	175
434	189
435	1
435	34
435	77
435	128
435	401
436	10
436	18
436	20
436	26
436	28
436	30
436	59
436	74
436	104
436	118
436	128
436	136
436	301
436	312
436	378
436	388
436	395
436	402
436	408
436	409
436	418
436	426
436	433
437	0
437	1
437	5
437	11
437	12
437	24
437	29
437	30
437	37
437	38
437	40
437	50
437	51
437	55
437	61
437	68
437	69
437	72
437	76
437	89
437	93
437	100
437	101
437	103
437	104
437	109
437	116
437	123
437	141
437	203
438	1
438	5
438	12
438	24
438	28
438	29
438	34
438	35
438	73
438	74
438	76
438	83
438	93
438	97
438	103
438	104
438	122
438	225
438	369
438	398
438	402
438	433
439	1
439	18
439	31
439	57
439	79
439	95
439	108
439	130
439	286
439	306
439	350
439	368
439	381
439	388
439	396
440	1
440	19
440	31
440	49
440	65
440	79
440	101
440	193
440	222
440	312
440	329
440	333
440	374
440	395
440	401
440	410
440	411
440	442
441	1
441	11
441	18
441	26
441	30
441	34
441	37
441	39
441	45
441	50
441	51
441	52
441	66
441	71
441	93
441	98
441	100
441	104
441	109
441	119
441	127
441	165
441	167
441	233
441	251
441	289
441	297
441	300
441	366
441	383
442	1
442	18
442	31
442	34
442	39
442	40
442	43
442	45
442	46
442	49
442	65
442	66
442	71
442	77
442	78
442	81
442	83
442	99
442	101
442	105
442	118
442	123
442	128
442	135
442	136
442	193
442	210
442	215
442	222
442	289
443	0
443	1
443	2
443	5
443	6
443	10
443	11
443	12
443	15
443	18
443	19
443	21
443	24
443	25
443	26
443	27
443	28
443	29
443	30
443	33
443	34
443	35
443	39
443	40
443	43
443	44
443	50
443	51
443	55
443	61
444	14
444	22
444	34
444	37
444	83
444	90
444	98
444	101
444	139
444	233
444	299
444	320
444	384
444	401
444	426
444	433
445	1
445	5
445	6
445	12
445	16
445	18
445	25
445	27
445	28
445	29
445	31
445	33
445	34
445	39
445	44
445	45
445	46
445	60
445	68
445	81
445	102
445	104
445	111
445	115
445	122
445	123
445	127
445	135
445	141
445	143
446	3
446	6
446	32
446	44
446	67
446	84
446	95
446	107
446	134
446	138
446	348
446	368
446	370
446	374
446	381
446	413
446	431
447	1
447	9
447	12
447	18
447	21
447	22
447	29
447	30
447	31
447	33
447	34
447	37
447	38
447	39
447	40
447	43
447	44
447	45
447	48
447	52
447	53
447	54
447	60
447	61
447	65
447	66
447	68
447	75
447	78
447	81
448	1
448	14
448	18
448	27
448	34
448	40
448	172
448	210
448	382
448	394
448	418
449	1
449	5
449	12
449	20
449	22
449	24
449	27
449	29
449	30
449	31
449	35
449	36
449	37
449	38
449	43
449	45
449	47
449	48
449	50
449	51
449	52
449	55
449	60
449	61
449	65
449	66
449	68
449	71
449	72
449	78
450	334
450	449
451	1
451	10
451	18
451	21
451	22
451	27
451	29
451	31
451	34
451	61
451	66
451	72
451	73
451	77
451	90
451	103
451	116
451	128
451	135
451	145
451	165
451	166
451	195
451	235
451	289
451	312
451	314
451	315
451	326
451	328
452	1
452	19
452	21
452	27
452	30
452	34
452	39
452	40
452	44
452	45
452	48
452	58
452	59
452	61
452	63
452	66
452	68
452	74
452	77
452	83
452	85
452	92
452	104
452	115
452	130
452	141
452	143
452	187
452	225
452	233
453	1
453	18
453	19
453	28
453	40
453	63
453	77
453	96
453	118
453	125
453	128
453	233
453	301
453	394
453	409
453	418
453	429
453	433
454	1
454	10
454	22
454	31
454	43
454	48
454	88
454	195
454	242
454	357
454	405
454	407
454	426
454	427
454	447
475	1
475	5
475	11
475	27
475	34
475	48
475	50
475	69
475	116
475	375
2	5
2	12
2	18
2	26
2	30
2	31
2	33
2	35
2	48
2	51
2	58
2	65
2	72
2	77
2	87
2	89
2	90
2	93
2	102
2	103
2	104
2	105
2	110
2	123
2	127
2	155
2	233
2	237
2	297
2	319
155	0
155	2
155	4
155	5
155	6
155	7
155	8
155	9
155	11
155	19
155	22
155	23
155	24
155	27
155	30
155	31
155	34
155	35
155	48
155	51
155	54
155	72
155	74
155	83
155	102
155	103
155	108
155	122
155	127
155	156
333	2
333	4
333	5
333	10
333	11
333	12
333	18
333	19
333	21
333	22
333	24
333	27
333	30
333	31
333	34
333	35
333	37
333	40
333	43
333	46
333	48
333	49
333	50
333	51
333	55
333	58
333	59
333	61
333	65
333	68
198	0
198	18
198	29
198	30
198	40
198	51
198	53
198	58
198	60
198	61
198	66
198	72
198	77
198	81
198	85
198	96
198	101
198	102
198	103
198	104
198	116
198	117
198	122
198	123
198	125
198	140
198	143
198	187
198	203
198	370
211	0
211	58
211	61
211	69
211	74
211	89
211	165
211	203
211	405
211	437
223	0
223	2
223	18
223	20
223	26
223	27
223	29
223	30
223	34
223	35
223	45
223	49
223	57
223	63
223	69
223	74
223	81
223	83
223	90
223	93
223	98
223	100
223	101
223	103
223	104
223	107
223	108
223	114
223	123
223	124
245	0
245	5
245	6
245	10
245	24
245	26
245	29
245	35
245	36
245	48
245	51
245	55
245	61
245	66
245	76
245	85
245	90
245	93
245	97
245	98
245	100
245	103
245	104
245	116
245	119
245	141
245	143
245	236
245	269
245	287
249	0
249	5
249	11
249	12
249	18
249	24
249	26
249	27
249	29
249	30
249	31
249	34
249	38
249	40
249	42
249	45
249	48
249	50
249	52
249	55
249	61
249	65
249	68
249	69
249	71
249	76
249	78
249	83
249	89
249	90
303	0
303	12
303	18
303	20
303	21
303	27
303	30
303	34
303	37
303	51
303	59
303	61
303	76
303	81
303	90
303	102
303	103
303	136
303	233
303	289
303	297
303	369
303	433
6	61
6	65
6	101
6	301
6	367
6	368
6	388
301	0
301	6
301	13
301	18
301	19
301	21
301	30
301	35
301	40
301	45
301	48
301	58
301	59
301	78
301	81
301	124
301	135
301	136
301	139
301	169
301	269
301	319
301	329
301	330
301	370
301	388
301	398
301	401
301	403
301	407
168	0
168	7
168	12
168	22
168	31
168	34
168	43
168	48
168	88
168	101
168	127
168	155
168	156
168	167
168	175
168	185
168	289
168	295
168	311
168	326
168	353
168	367
168	383
168	394
168	401
168	409
168	427
158	0
158	3
158	4
158	5
158	8
158	10
158	19
158	22
158	27
158	34
158	68
158	145
158	154
158	156
158	163
158	222
158	279
158	318
158	326
158	374
158	382
158	401
158	427
158	440
158	488
165	0
165	2
165	4
165	5
165	10
165	12
165	18
165	21
165	23
165	24
165	26
165	27
165	28
165	29
165	30
165	31
165	33
165	34
165	35
165	37
165	50
165	51
165	55
165	60
165	61
165	69
165	72
165	73
165	74
165	79
302	0
302	18
302	28
302	30
302	34
302	55
302	63
302	74
302	93
302	104
302	115
302	125
302	138
302	195
302	210
302	357
302	388
302	401
302	422
385	0
385	12
385	13
385	16
385	18
385	19
385	22
385	24
385	27
385	28
385	29
385	31
385	33
385	34
385	43
385	44
385	45
385	46
385	49
385	53
385	54
385	61
385	63
385	64
385	65
385	68
385	74
385	76
385	81
385	85
195	0
195	2
195	3
195	4
195	5
195	6
195	8
195	10
195	11
195	12
195	18
195	21
195	25
195	26
195	27
195	28
195	30
195	31
195	33
195	34
195	40
195	42
195	44
195	45
195	46
195	50
195	53
195	57
195	60
195	63
231	0
231	11
231	46
231	125
231	295
231	450
257	0
257	10
257	11
257	12
257	25
257	26
257	27
257	35
257	45
257	54
257	119
257	126
257	167
257	216
257	217
257	226
257	234
257	377
257	449
269	0
269	6
269	12
269	18
269	24
269	34
269	72
269	77
269	90
269	102
269	118
269	136
269	301
269	398
269	401
156	0
156	8
156	12
156	22
156	51
156	73
156	96
156	104
156	107
156	118
156	154
156	155
156	163
156	187
156	210
156	295
156	335
156	350
156	360
156	377
156	385
156	400
156	407
156	421
199	0
199	12
199	18
199	24
199	30
199	48
199	86
199	88
199	89
199	97
199	104
199	248
199	311
199	350
199	406
199	447
242	0
242	12
242	16
242	18
242	27
242	37
242	38
242	46
242	51
242	53
242	65
242	66
242	81
242	101
242	105
242	130
242	146
242	169
242	195
242	252
242	326
242	365
242	368
242	373
242	402
242	426
242	427
242	433
242	449
242	454
143	0
143	8
143	18
143	19
143	22
143	27
143	31
143	35
143	39
143	40
143	43
143	78
143	79
143	100
143	123
143	127
143	135
143	140
143	145
143	155
143	166
143	169
143	198
143	225
143	232
143	295
143	312
143	315
143	318
143	340
241	0
241	5
241	18
241	24
241	27
241	31
241	45
241	46
241	47
241	54
241	65
241	67
241	83
241	89
241	100
241	101
241	124
241	135
241	210
241	233
241	243
241	301
241	342
241	353
241	382
241	383
241	396
241	421
241	433
187	0
187	19
187	28
187	29
187	33
187	34
187	40
187	54
187	68
187	69
187	77
187	130
187	132
187	133
187	140
187	211
187	329
187	401
187	408
191	0
191	4
191	10
191	18
191	19
191	34
191	65
191	66
191	67
191	69
191	75
191	109
191	127
191	169
191	210
191	329
191	345
191	388
191	398
191	401
234	0
234	6
234	11
234	12
234	18
234	19
234	24
234	27
234	30
234	31
234	34
234	37
234	38
234	46
234	50
234	66
234	71
234	74
234	76
234	81
234	89
234	93
234	97
234	102
234	103
234	105
234	106
234	108
234	119
234	122
286	0
286	1
286	19
286	27
286	34
286	39
286	66
286	78
286	81
286	83
286	88
286	123
286	237
286	320
286	360
286	381
286	388
286	394
286	403
286	405
286	409
286	415
286	426
286	427
286	433
286	439
286	445
145	0
145	1
145	3
145	4
145	5
145	6
145	7
145	8
145	9
145	10
145	12
145	14
145	18
145	19
145	20
145	22
145	23
145	24
145	25
145	26
145	27
145	28
145	30
145	31
145	32
145	33
145	34
145	35
145	37
145	38
148	0
148	12
148	22
148	27
148	74
148	102
148	103
148	104
148	122
148	395
149	0
149	12
149	22
149	27
149	34
149	81
149	103
149	104
149	295
149	400
149	401
149	421
154	0
154	1
154	2
154	8
154	10
154	14
154	18
154	22
154	23
154	24
154	25
154	27
154	29
154	30
154	31
154	32
154	33
154	34
154	35
154	37
154	38
154	43
154	44
154	48
154	50
154	51
154	54
154	65
154	66
154	69
161	0
161	8
161	22
161	41
161	44
161	53
161	64
161	74
161	108
161	133
161	156
161	215
161	291
161	403
161	429
167	0
167	12
167	18
167	22
167	24
167	25
167	26
167	27
167	29
167	30
167	31
167	34
167	38
167	41
167	43
167	46
167	47
167	53
167	54
167	65
167	72
167	74
167	75
167	80
167	81
167	86
167	89
167	96
167	98
167	102
172	0
172	5
172	18
172	22
172	27
172	28
172	34
172	40
172	43
172	44
172	48
172	66
172	74
172	83
172	96
172	97
172	103
172	108
172	110
172	118
172	135
172	136
172	143
172	195
172	277
172	326
172	329
172	335
172	368
172	401
175	0
175	2
175	22
175	24
175	27
175	30
175	31
175	34
175	46
175	48
175	49
175	67
175	74
175	81
175	88
175	89
175	108
175	122
175	135
175	168
175	225
175	295
175	319
175	339
175	354
175	385
175	388
175	398
175	401
175	418
194	0
194	22
194	27
194	73
194	106
194	122
194	145
194	153
194	165
194	192
194	345
194	385
194	427
194	455
194	492
203	0
203	2
203	4
203	5
203	8
203	10
203	12
203	19
203	22
203	24
203	27
203	28
203	29
203	31
203	32
203	34
203	40
203	43
203	47
203	50
203	51
203	61
203	65
203	69
203	72
203	74
203	76
203	77
203	81
203	83
270	0
270	10
270	12
270	18
270	22
270	27
270	34
270	61
270	72
270	81
270	127
270	128
270	210
270	326
270	371
270	382
270	405
270	408
270	426
270	427
270	449
291	0
291	1
291	18
291	19
291	22
291	27
291	28
291	30
291	34
291	36
291	40
291	46
291	60
291	63
291	65
291	71
291	79
291	81
291	90
291	92
291	93
291	102
291	104
291	105
291	112
291	123
291	124
291	128
291	135
291	140
455	1
455	2
455	6
455	9
455	10
455	12
455	14
455	19
455	22
455	24
455	25
455	29
455	30
455	31
455	33
455	34
455	43
455	50
455	72
455	73
455	74
455	79
455	81
455	83
455	93
455	96
455	97
455	101
455	102
455	103
456	1
456	4
456	6
456	18
456	19
456	22
456	27
456	31
456	32
456	33
456	34
456	40
456	43
456	66
456	72
456	90
456	92
456	122
456	165
456	167
456	219
456	350
456	368
456	401
456	421
456	427
456	447
456	455
457	1
457	21
457	22
457	295
457	342
457	365
457	372
457	374
457	455
471	1
471	22
471	27
471	74
471	163
164	0
164	21
164	31
164	33
164	79
164	296
164	312
164	332
164	349
164	397
164	403
164	410
164	449
178	0
178	23
178	25
178	26
178	28
178	30
178	34
178	67
178	72
178	83
178	97
178	109
178	127
178	165
178	192
178	217
178	236
178	295
178	300
178	301
178	326
178	332
178	340
178	366
178	406
178	409
178	419
178	421
192	0
192	18
192	22
192	25
192	27
192	30
192	31
192	34
192	38
192	43
192	46
192	97
192	100
192	122
192	138
192	190
192	194
192	211
192	222
192	295
192	310
192	312
192	320
192	326
192	360
192	372
192	374
192	386
192	426
192	427
217	0
217	13
217	14
217	18
217	25
217	27
217	29
217	34
217	46
217	48
217	49
217	60
217	63
217	64
217	65
217	66
217	72
217	85
217	102
217	105
217	107
217	110
217	136
217	140
217	143
217	187
217	195
217	198
217	210
217	225
252	0
252	5
252	18
252	25
252	27
252	31
252	46
252	57
252	96
252	118
252	127
252	208
252	235
252	242
252	395
252	440
285	0
285	8
285	22
285	25
285	40
285	49
285	64
285	310
285	375
285	377
285	426
288	0
288	8
288	18
288	25
288	31
288	33
288	46
288	49
288	138
288	222
288	319
288	333
288	348
288	365
288	372
288	391
288	404
288	411
288	446
289	0
289	6
289	12
289	18
289	20
289	25
289	27
289	28
289	31
289	37
289	40
289	45
289	46
289	47
289	48
289	50
289	58
289	74
289	77
289	78
289	81
289	83
289	90
289	92
289	94
289	102
289	104
289	105
289	115
289	117
481	0
481	1
481	2
481	11
481	12
481	19
481	22
481	25
481	27
481	44
481	48
481	49
481	50
481	54
481	58
481	60
481	61
481	66
481	69
481	71
481	72
481	73
481	83
481	85
481	90
481	96
481	100
481	102
481	104
481	106
282	0
282	26
282	27
282	43
282	48
282	74
282	81
282	85
282	115
282	118
282	134
282	139
282	143
282	210
282	319
282	376
282	394
282	445
208	0
208	6
208	11
208	15
208	27
208	97
208	109
208	130
208	252
208	295
208	389
208	414
208	415
296	0
296	5
296	29
296	30
296	38
296	40
296	49
296	54
296	57
296	58
296	61
296	67
296	74
296	77
296	81
296	97
296	100
296	106
296	135
296	210
296	289
296	295
296	312
296	349
296	354
296	381
296	395
296	401
296	418
296	432
299	0
299	25
299	29
299	34
299	54
299	55
299	69
299	85
299	128
299	135
299	187
299	225
299	295
299	329
299	330
299	385
299	388
299	405
299	418
299	422
299	429
212	0
212	1
212	5
212	10
212	12
212	14
212	18
212	19
212	20
212	22
212	24
212	26
212	27
212	28
212	29
212	31
212	32
212	34
212	40
212	43
212	44
212	45
212	46
212	47
212	48
212	49
212	53
212	57
212	59
212	60
239	0
239	18
239	26
239	31
239	39
239	57
239	85
239	91
239	93
239	102
239	117
239	118
239	136
239	143
239	195
239	210
239	235
239	383
239	389
239	415
239	426
239	446
261	0
261	27
261	31
261	34
261	45
261	46
261	49
261	100
261	111
261	136
261	143
261	295
261	360
261	388
261	421
273	0
273	18
273	31
273	297
273	440
460	1
460	10
460	12
460	14
460	18
460	22
460	31
460	34
460	46
460	48
460	81
460	88
460	118
460	127
460	143
460	168
460	295
460	310
460	340
460	382
460	383
460	400
460	412
460	427
460	428
473	1
473	8
473	27
473	31
473	32
473	45
473	46
473	101
473	145
473	193
473	310
473	313
473	314
473	324
473	374
473	426
492	1
492	6
492	7
492	10
492	11
492	12
492	14
492	18
492	19
492	20
492	21
492	27
492	28
492	29
492	30
492	31
492	32
492	34
492	37
492	38
492	42
492	43
492	45
492	48
492	49
492	50
492	53
492	55
492	60
492	61
180	0
180	1
180	2
180	26
180	33
180	35
180	39
180	46
180	67
180	77
180	111
180	113
180	138
180	295
180	331
180	345
180	418
180	447
243	0
243	6
243	14
243	15
243	27
243	38
243	49
243	52
243	64
243	135
243	211
243	241
243	295
243	333
243	335
243	385
243	432
153	0
153	27
153	30
153	34
153	49
153	105
153	135
153	450
213	0
213	10
213	12
213	18
213	30
213	34
213	35
213	50
213	55
213	74
213	76
213	100
213	103
213	110
213	117
213	127
213	131
213	195
213	235
213	295
213	383
213	387
213	402
213	443
213	449
216	0
216	24
216	26
216	27
216	32
216	34
216	51
216	63
216	65
216	69
216	90
216	103
216	112
216	118
216	122
216	123
216	130
216	165
216	198
216	215
216	223
216	257
216	297
216	299
216	333
216	350
216	360
216	385
216	414
216	426
221	0
221	12
221	34
221	50
221	59
221	116
221	125
221	357
229	0
229	34
229	46
229	49
229	135
229	138
229	295
485	1
485	11
485	12
485	18
485	20
485	24
485	27
485	29
485	30
485	31
485	34
485	43
485	49
485	54
485	65
485	74
485	81
485	89
485	92
485	103
485	132
485	143
485	169
485	210
485	300
485	301
485	329
485	340
485	360
485	369
487	1
487	2
487	14
487	18
487	34
487	42
487	46
487	49
487	61
487	67
487	88
487	96
487	100
487	115
487	118
487	130
487	206
487	217
487	269
487	282
487	296
487	314
487	377
487	383
487	409
487	414
487	443
250	0
250	10
250	26
250	34
250	35
250	51
250	65
250	68
250	74
250	85
250	93
250	101
250	105
250	107
250	127
250	287
250	316
250	334
250	344
250	394
250	402
250	418
250	438
287	0
287	5
287	10
287	24
287	29
287	35
287	36
287	51
287	65
287	66
287	72
287	93
287	97
287	98
287	100
287	104
287	107
287	119
287	120
287	124
287	125
287	138
287	250
287	302
287	344
287	366
287	374
287	384
287	385
287	395
307	0
307	24
307	26
307	38
307	39
307	55
307	59
307	79
307	82
307	83
307	105
307	127
307	131
307	172
307	210
307	234
307	237
307	318
307	334
307	369
307	404
307	407
251	0
251	18
251	27
251	30
251	37
251	38
251	46
251	58
251	90
251	119
251	136
251	169
251	235
251	294
251	375
251	376
251	426
251	441
251	449
247	0
247	38
247	50
247	52
247	96
247	116
247	249
247	382
247	407
247	437
466	1
466	3
466	10
466	31
466	34
466	35
466	39
466	43
466	81
466	83
466	85
466	88
466	90
466	96
466	101
466	112
466	124
466	130
466	132
466	143
466	215
466	299
466	318
466	319
466	330
466	385
466	390
466	394
466	395
466	398
228	0
228	1
228	4
228	5
228	6
228	18
228	19
228	27
228	35
228	41
228	43
228	46
228	67
228	76
228	81
228	83
228	88
228	105
228	118
228	195
228	243
228	340
228	356
228	359
228	373
228	386
228	443
228	449
228	456
488	1
488	10
488	12
488	18
488	22
488	26
488	30
488	34
488	39
488	44
488	46
488	117
488	158
488	167
488	295
488	326
488	345
488	376
488	390
488	396
166	0
166	8
166	19
166	23
166	27
166	30
166	31
166	32
166	42
166	74
166	86
166	101
166	138
166	145
166	155
166	312
166	314
166	349
166	401
166	411
166	433
166	451
277	0
277	2
277	18
277	29
277	40
277	43
277	59
277	62
277	76
277	79
277	81
277	83
277	89
277	90
277	101
277	107
277	108
277	111
277	123
277	124
277	127
277	164
277	289
277	293
277	330
277	354
277	378
277	401
277	413
277	437
305	0
305	54
305	82
305	163
305	208
305	315
147	0
147	18
147	27
147	37
147	44
147	169
147	388
188	0
188	2
188	12
188	18
188	21
188	27
188	30
188	33
188	43
188	44
188	66
188	69
188	72
188	74
188	96
188	102
188	103
188	108
188	118
188	135
188	156
188	169
188	301
188	335
188	369
188	398
188	443
281	0
281	49
281	395
470	1
470	374
306	0
306	19
306	27
306	34
306	66
306	77
306	88
306	340
306	381
306	427
306	453
238	0
238	6
238	13
238	18
238	49
238	59
238	64
238	78
238	81
238	90
238	101
238	115
238	118
238	135
238	136
238	169
238	172
238	187
238	225
238	295
238	301
238	388
238	392
238	394
238	398
238	401
238	407
238	432
238	433
238	443
279	0
279	1
279	4
279	5
279	8
279	10
279	11
279	12
279	14
279	18
279	19
279	21
279	27
279	28
279	29
279	30
279	31
279	32
279	33
279	34
279	37
279	44
279	46
279	48
279	49
279	50
279	51
279	57
279	65
279	66
290	0
290	18
290	19
290	28
290	29
290	34
290	50
290	59
290	77
290	96
290	125
290	128
290	136
290	141
290	143
290	420
290	438
290	449
293	0
293	43
293	79
293	101
293	105
293	116
293	312
293	320
293	371
293	385
293	401
293	426
459	1
459	2
459	18
459	66
459	72
459	105
459	235
459	236
459	307
459	319
459	388
459	438
459	440
493	0
493	1
493	14
493	20
493	34
493	47
493	49
493	61
493	62
493	66
493	73
493	83
493	89
493	96
493	103
493	104
493	105
493	110
493	118
493	125
493	135
493	165
493	210
493	233
493	237
493	251
493	286
493	290
493	294
493	334
144	0
144	193
146	0
146	18
146	19
146	98
146	118
146	127
146	143
146	242
146	297
146	319
146	354
146	374
146	443
150	0
150	27
150	69
150	163
150	295
150	365
150	368
150	412
163	0
163	8
163	22
163	27
163	32
163	59
163	67
163	143
163	150
163	154
163	156
163	158
163	295
163	305
163	324
163	379
163	396
163	401
163	414
163	468
163	471
201	0
201	14
201	19
201	21
201	24
201	27
201	28
201	30
201	35
201	45
201	46
201	49
201	53
201	55
201	59
201	61
201	65
201	68
201	69
201	74
201	77
201	79
201	83
201	85
201	87
201	93
201	100
201	110
201	115
201	117
207	0
207	395
458	1
458	4
458	6
458	8
461	1
461	2
461	27
461	33
461	145
461	295
461	349
469	1
469	18
469	64
469	81
469	120
469	401
151	0
151	92
151	127
151	318
152	0
152	24
152	310
152	444
157	0
157	8
157	395
160	0
160	6
162	0
162	8
162	27
162	34
162	37
468	1
468	18
468	163
264	0
264	135
264	167
264	203
264	368
294	0
294	1
294	2
294	13
294	18
294	34
294	44
294	49
294	53
294	59
294	66
294	69
294	71
294	74
294	82
294	96
294	112
294	118
294	125
294	126
294	135
294	136
294	169
294	172
294	210
294	235
294	238
294	251
294	282
294	299
170	0
171	0
171	30
171	117
173	0
173	136
174	0
174	61
174	97
174	269
174	434
176	0
176	18
176	22
176	127
176	168
177	0
177	32
177	185
177	333
179	0
181	0
181	49
181	135
181	365
181	382
182	0
182	34
183	0
183	12
183	26
183	27
183	30
183	33
183	34
183	50
183	52
183	55
183	67
183	69
183	73
183	93
183	101
183	102
183	109
183	185
183	232
183	382
183	424
183	433
183	450
184	0
184	122
184	185
184	331
186	0
186	18
186	27
186	48
186	83
186	320
186	405
186	431
186	450
189	0
189	8
189	54
189	210
189	233
189	296
189	421
189	434
189	447
189	449
190	0
190	22
190	30
190	46
190	156
190	192
190	222
190	295
190	372
196	0
197	0
197	10
197	19
197	26
197	27
197	33
197	50
197	66
197	78
197	100
197	102
197	124
197	136
197	155
197	168
197	175
197	237
197	286
197	326
197	341
197	385
197	390
197	414
197	437
197	445
248	0
248	40
248	62
248	83
248	199
248	303
248	329
248	331
248	385
248	418
248	426
200	0
200	141
484	1
484	27
484	72
484	83
484	96
484	97
484	118
484	140
484	269
484	295
484	342
484	385
484	452
202	0
202	50
202	61
202	135
202	336
202	388
267	0
204	0
206	0
206	16
206	18
206	31
206	34
206	90
206	100
206	241
206	443
209	0
214	0
214	18
214	33
214	136
214	208
214	451
218	0
218	46
219	0
219	100
219	362
219	383
219	401
219	419
219	456
220	0
220	449
224	0
226	0
226	27
226	34
226	71
226	195
226	223
226	257
226	374
226	402
226	440
226	449
227	0
230	0
246	0
246	18
246	24
246	43
246	65
246	101
246	102
246	128
246	136
246	195
246	300
246	365
246	382
246	410
240	0
244	0
244	34
244	53
244	140
244	235
244	354
253	0
253	342
255	0
255	27
255	34
255	35
255	60
255	65
255	83
255	164
255	289
255	300
255	427
256	0
256	27
258	0
259	0
259	136
260	0
260	40
260	143
260	295
260	333
260	340
260	354
260	443
260	447
262	0
262	10
262	27
262	49
262	50
262	57
262	79
262	120
262	136
262	232
262	303
262	373
262	381
262	433
263	0
265	0
266	0
266	39
266	62
266	282
268	0
268	79
268	286
271	0
272	0
272	27
272	98
272	117
272	295
272	336
272	401
272	410
272	434
274	0
274	18
274	52
274	376
274	409
274	440
275	0
276	0
276	67
276	143
276	449
278	0
280	0
280	27
280	29
280	46
280	53
280	78
280	135
280	237
280	295
280	297
280	368
280	382
280	401
280	415
280	450
280	456
284	0
284	27
284	235
284	396
284	401
292	0
292	10
292	27
292	69
292	78
292	90
292	318
292	408
298	0
304	0
308	0
308	12
308	18
308	43
308	46
308	53
308	105
308	125
308	249
308	290
308	300
308	369
308	374
308	385
309	0
309	115
309	136
309	360
309	434
309	449
478	1
478	324
478	447
496	1
499	1
499	83
499	118
499	130
499	418
499	445
462	1
463	1
463	241
464	1
465	1
465	5
465	6
465	18
465	67
465	92
465	130
465	368
467	1
467	12
467	49
467	74
467	185
467	365
467	450
472	1
474	1
476	1
477	1
477	136
479	1
479	404
480	1
480	67
480	88
482	1
483	1
483	138
483	222
483	374
483	452
483	492
486	1
486	30
486	81
489	1
490	1
490	46
491	1
494	1
494	27
495	1
495	39
495	61
497	1
497	27
497	43
497	46
497	48
497	57
497	60
497	334
497	372
497	374
498	1
